0.000000 0.999900 0.000100 0.000000
0.040000 0.999840 0.000158 0.000002
0.080000 0.999745 0.000250 0.000005
0.120000 0.999595 0.000394 0.000010
0.160000 0.999359 0.000623 0.000018
0.200000 0.998985 0.000984 0.000030
0.240000 0.998396 0.001554 0.000050
0.280000 0.997465 0.002454 0.000081
0.320000 0.995996 0.003874 0.000130
0.360000 0.993681 0.006111 0.000208
0.400000 0.990037 0.009633 0.000330
0.440000 0.984315 0.015162 0.000523
0.480000 0.975360 0.023814 0.000826
0.520000 0.961424 0.037274 0.001302
0.560000 0.939922 0.058030 0.002048
0.600000 0.907196 0.089596 0.003208
0.640000 0.858427 0.136573 0.005000
0.680000 0.788084 0.204184 0.007732
0.720000 0.691536 0.296649 0.011815
0.760000 0.568450 0.413802 0.017748
0.800000 0.427315 0.546661 0.026024
0.840000 0.287157 0.675885 0.036958
0.880000 0.170706 0.778819 0.050475
0.920000 0.090936 0.843012 0.066052
0.960000 0.044940 0.872148 0.082912
1.000000 0.021423 0.878222 0.100355
1.040000 0.010135 0.871946 0.117919
1.080000 0.004833 0.859809 0.135358
1.120000 0.002340 0.845106 0.152554
1.160000 0.001153 0.829390 0.169457
1.200000 0.000579 0.813376 0.186044
1.240000 0.000297 0.797392 0.202312
1.280000 0.000155 0.781586 0.218260
1.320000 0.000082 0.766026 0.233891
1.360000 0.000044 0.750744 0.249212
1.400000 0.000024 0.735749 0.264227
1.440000 0.000014 0.721045 0.278942
1.480000 0.000008 0.706630 0.293363
1.520000 0.000004 0.692500 0.307495
1.560000 0.000003 0.678652 0.321345
1.600000 0.000002 0.665080 0.334918
1.640000 0.000001 0.651779 0.348220
1.680000 0.000001 0.638744 0.361256
1.720000 0.000000 0.625969 0.374030
1.760000 0.000000 0.613450 0.386550
1.800000 0.000000 0.601181 0.398819
1.840000 0.000000 0.589158 0.410842
1.880000 0.000000 0.577374 0.422626
1.920000 0.000000 0.565827 0.434173
1.960000 0.000000 0.554510 0.445490
2.000000 0.000000 0.543420 0.456580
2.040000 0.000000 0.532552 0.467448
2.080000 0.000000 0.521901 0.478099
2.120000 0.000000 0.511463 0.488537
2.160000 0.000000 0.501234 0.498766
2.200000 0.000000 0.491209 0.508791
2.240000 0.000000 0.481385 0.518615
2.280000 0.000000 0.471757 0.528243
2.320000 0.000000 0.462322 0.537678
2.360000 0.000000 0.453075 0.546925
2.400000 0.000000 0.444014 0.555986
2.440000 0.000000 0.435134 0.564866
2.480000 0.000000 0.426431 0.573569
2.520000 0.000000 0.417902 0.582098
2.560000 0.000000 0.409544 0.590456
2.600000 0.000000 0.401353 0.598647
2.640000 0.000000 0.393326 0.606674
2.680000 0.000000 0.385460 0.614540
2.720000 0.000000 0.377751 0.622249
2.760000 0.000000 0.370196 0.629804
2.800000 0.000000 0.362792 0.637208
2.840000 0.000000 0.355536 0.644464
2.880000 0.000000 0.348425 0.651575
2.920000 0.000000 0.341457 0.658543
2.960000 0.000000 0.334627 0.665373
3.000000 0.000000 0.327935 0.672065
3.040000 0.000000 0.321376 0.678624
3.080000 0.000000 0.314949 0.685051
3.120000 0.000000 0.308650 0.691350
3.160000 0.000000 0.302477 0.697523
3.200000 0.000000 0.296427 0.703573
3.240000 0.000000 0.290499 0.709501
3.280000 0.000000 0.284689 0.715311
3.320000 0.000000 0.278995 0.721005
3.360000 0.000000 0.273415 0.726585
3.400000 0.000000 0.267947 0.732053
3.440000 0.000000 0.262588 0.737412
3.480000 0.000000 0.257336 0.742664
3.520000 0.000000 0.252189 0.747811
3.560000 0.000000 0.247146 0.752854
3.600000 0.000000 0.242203 0.757797
3.640000 0.000000 0.237359 0.762641
3.680000 0.000000 0.232611 0.767389
3.720000 0.000000 0.227959 0.772041
3.760000 0.000000 0.223400 0.776600
3.800000 0.000000 0.218932 0.781068
3.840000 0.000000 0.214553 0.785447
3.880000 0.000000 0.210262 0.789738
3.920000 0.000000 0.206057 0.793943
3.960000 0.000000 0.201936 0.798064
4.000000 0.000000 0.197897 0.802103
4.040000 0.000000 0.193939 0.806061
4.080000 0.000000 0.190060 0.809940
4.120000 0.000000 0.186259 0.813741
4.160000 0.000000 0.182534 0.817466
4.200000 0.000000 0.178883 0.821117
4.240000 0.000000 0.175306 0.824694
4.280000 0.000000 0.171800 0.828200
4.320000 0.000000 0.168364 0.831636
4.360000 0.000000 0.164996 0.835004
4.400000 0.000000 0.161696 0.838304
4.440000 0.000000 0.158462 0.841538
4.480000 0.000000 0.155293 0.844707
4.520000 0.000000 0.152187 0.847813
4.560000 0.000000 0.149144 0.850856
4.600000 0.000000 0.146161 0.853839
4.640000 0.000000 0.143238 0.856762
4.680000 0.000000 0.140373 0.859627
4.720000 0.000000 0.137565 0.862435
4.760000 0.000000 0.134814 0.865186
4.800000 0.000000 0.132118 0.867882
4.840000 0.000000 0.129475 0.870525
4.880000 0.000000 0.126886 0.873114
4.920000 0.000000 0.124348 0.875652
4.960000 0.000000 0.121861 0.878139
5.000000 0.000000 0.119424 0.880576
5.040000 0.000000 0.117035 0.882965
5.080000 0.000000 0.114695 0.885305
5.120000 0.000000 0.112401 0.887599
5.160000 0.000000 0.110153 0.889847
5.200000 0.000000 0.107950 0.892050
5.240000 0.000000 0.105791 0.894209
5.280000 0.000000 0.103675 0.896325
5.320000 0.000000 0.101601 0.898399
5.360000 0.000000 0.099569 0.900431
5.400000 0.000000 0.097578 0.902422
5.440000 0.000000 0.095627 0.904373
5.480000 0.000000 0.093714 0.906286
5.520000 0.000000 0.091840 0.908160
5.560000 0.000000 0.090003 0.909997
5.600000 0.000000 0.088203 0.911797
5.640000 0.000000 0.086439 0.913561
5.680000 0.000000 0.084710 0.915290
5.720000 0.000000 0.083016 0.916984
5.760000 0.000000 0.081355 0.918645
5.800000 0.000000 0.079728 0.920272
5.840000 0.000000 0.078134 0.921866
5.880000 0.000000 0.076571 0.923429
5.920000 0.000000 0.075040 0.924960
5.960000 0.000000 0.073539 0.926461
6.000000 0.000000 0.072068 0.927932
6.040000 0.000000 0.070627 0.929373
6.080000 0.000000 0.069214 0.930786
6.120000 0.000000 0.067830 0.932170
6.160000 0.000000 0.066473 0.933527
6.200000 0.000000 0.065144 0.934856
6.240000 0.000000 0.063841 0.936159
6.280000 0.000000 0.062564 0.937436
6.320000 0.000000 0.061313 0.938687
6.360000 0.000000 0.060087 0.939913
6.400000 0.000000 0.058885 0.941115
6.440000 0.000000 0.057707 0.942293
6.480000 0.000000 0.056553 0.943447
6.520000 0.000000 0.055422 0.944578
6.560000 0.000000 0.054314 0.945686
6.600000 0.000000 0.053227 0.946773
6.640000 0.000000 0.052163 0.947837
6.680000 0.000000 0.051120 0.948880
6.720000 0.000000 0.050097 0.949903
6.760000 0.000000 0.049095 0.950905
6.800000 0.000000 0.048113 0.951887
6.840000 0.000000 0.047151 0.952849
6.880000 0.000000 0.046208 0.953792
6.920000 0.000000 0.045284 0.954716
6.960000 0.000000 0.044378 0.955622
7.000000 0.000000 0.043491 0.956509
7.040000 0.000000 0.042621 0.957379
7.080000 0.000000 0.041768 0.958232
7.120000 0.000000 0.040933 0.959067
7.160000 0.000000 0.040114 0.959886
7.200000 0.000000 0.039312 0.960688
7.240000 0.000000 0.038526 0.961474
7.280000 0.000000 0.037755 0.962245
7.320000 0.000000 0.037000 0.963000
7.360000 0.000000 0.036260 0.963740
7.400000 0.000000 0.035535 0.964465
7.440000 0.000000 0.034824 0.965176
7.480000 0.000000 0.034128 0.965872
7.520000 0.000000 0.033445 0.966555
7.560000 0.000000 0.032776 0.967224
7.600000 0.000000 0.032121 0.967879
7.640000 0.000000 0.031478 0.968522
7.680000 0.000000 0.030849 0.969151
7.720000 0.000000 0.030232 0.969768
7.760000 0.000000 0.029627 0.970373
7.800000 0.000000 0.029035 0.970965
7.840000 0.000000 0.028454 0.971546
7.880000 0.000000 0.027885 0.972115
7.920000 0.000000 0.027327 0.972673
7.960000 0.000000 0.026781 0.973219
8.000000 0.000000 0.026245 0.973755
8.040000 0.000000 0.025720 0.974280
8.080000 0.000000 0.025206 0.974794
8.120000 0.000000 0.024702 0.975298
8.160000 0.000000 0.024208 0.975792
8.200000 0.000000 0.023723 0.976277
8.240000 0.000000 0.023249 0.976751
8.280000 0.000000 0.022784 0.977216
8.320000 0.000000 0.022328 0.977672
8.360000 0.000000 0.021882 0.978118
8.400000 0.000000 0.021444 0.978556
8.440000 0.000000 0.021015 0.978985
8.480000 0.000000 0.020595 0.979405
8.520000 0.000000 0.020183 0.979817
8.560000 0.000000 0.019779 0.980221
8.600000 0.000000 0.019384 0.980616
8.640000 0.000000 0.018996 0.981004
8.680000 0.000000 0.018616 0.981384
8.720000 0.000000 0.018244 0.981756
8.760000 0.000000 0.017879 0.982121
8.800000 0.000000 0.017521 0.982479
8.840000 0.000000 0.017171 0.982829
8.880000 0.000000 0.016828 0.983172
8.920000 0.000000 0.016491 0.983509
8.960000 0.000000 0.016161 0.983839
9.000000 0.000000 0.015838 0.984162
9.040000 0.000000 0.015521 0.984479
9.080000 0.000000 0.015211 0.984789
9.120000 0.000000 0.014907 0.985093
9.160000 0.000000 0.014608 0.985392
9.200000 0.000000 0.014316 0.985684
9.240000 0.000000 0.014030 0.985970
9.280000 0.000000 0.013749 0.986251
9.320000 0.000000 0.013474 0.986526
9.360000 0.000000 0.013205 0.986795
9.400000 0.000000 0.012941 0.987059
9.440000 0.000000 0.012682 0.987318
9.480000 0.000000 0.012428 0.987572
9.520000 0.000000 0.012180 0.987820
9.560000 0.000000 0.011936 0.988064
9.600000 0.000000 0.011697 0.988303
9.640000 0.000000 0.011463 0.988537
9.680000 0.000000 0.011234 0.988766
9.720000 0.000000 0.011010 0.988990
9.760000 0.000000 0.010789 0.989211
9.800000 0.000000 0.010574 0.989426
9.840000 0.000000 0.010362 0.989638
9.880000 0.000000 0.010155 0.989845
9.920000 0.000000 0.009952 0.990048
9.960000 0.000000 0.009753 0.990247
10.000000 0.000000 0.009558 0.990442
10.040000 0.000000 0.009366 0.990634
10.080000 0.000000 0.009179 0.990821
10.120000 0.000000 0.008996 0.991004
10.160000 0.000000 0.008816 0.991184
10.200000 0.000000 0.008639 0.991361
10.240000 0.000000 0.008467 0.991533
10.280000 0.000000 0.008297 0.991703
10.320000 0.000000 0.008131 0.991869
10.360000 0.000000 0.007969 0.992031
10.400000 0.000000 0.007809 0.992191
10.440000 0.000000 0.007653 0.992347
10.480000 0.000000 0.007500 0.992500
10.520000 0.000000 0.007350 0.992650
10.560000 0.000000 0.007203 0.992797
10.600000 0.000000 0.007059 0.992941
10.640000 0.000000 0.006918 0.993082
10.680000 0.000000 0.006779 0.993221
10.720000 0.000000 0.006644 0.993356
10.760000 0.000000 0.006511 0.993489
10.800000 0.000000 0.006381 0.993619
10.840000 0.000000 0.006253 0.993747
10.880000 0.000000 0.006128 0.993872
10.920000 0.000000 0.006006 0.993994
10.960000 0.000000 0.005885 0.994115
11.000000 0.000000 0.005768 0.994232
11.040000 0.000000 0.005652 0.994348
11.080000 0.000000 0.005539 0.994461
11.120000 0.000000 0.005429 0.994571
11.160000 0.000000 0.005320 0.994680
11.200000 0.000000 0.005214 0.994786
11.240000 0.000000 0.005109 0.994891
11.280000 0.000000 0.005007 0.994993
11.320000 0.000000 0.004907 0.995093
11.360000 0.000000 0.004809 0.995191
11.400000 0.000000 0.004713 0.995287
11.440000 0.000000 0.004618 0.995382
11.480000 0.000000 0.004526 0.995474
11.520000 0.000000 0.004435 0.995565
11.560000 0.000000 0.004347 0.995653
11.600000 0.000000 0.004260 0.995740
11.640000 0.000000 0.004175 0.995825
11.680000 0.000000 0.004091 0.995909
11.720000 0.000000 0.004009 0.995991
11.760000 0.000000 0.003929 0.996071
11.800000 0.000000 0.003851 0.996149
11.840000 0.000000 0.003774 0.996226
11.880000 0.000000 0.003698 0.996302
11.920000 0.000000 0.003624 0.996376
11.960000 0.000000 0.003552 0.996448
12.000000 0.000000 0.003481 0.996519
12.040000 0.000000 0.003411 0.996589
12.080000 0.000000 0.003343 0.996657
12.120000 0.000000 0.003276 0.996724
12.160000 0.000000 0.003210 0.996790
12.200000 0.000000 0.003146 0.996854
12.240000 0.000000 0.003083 0.996917
12.280000 0.000000 0.003022 0.996978
12.320000 0.000000 0.002961 0.997039
12.360000 0.000000 0.002902 0.997098
12.400000 0.000000 0.002844 0.997156
12.440000 0.000000 0.002787 0.997213
12.480000 0.000000 0.002731 0.997269
12.520000 0.000000 0.002677 0.997323
12.560000 0.000000 0.002623 0.997377
12.600000 0.000000 0.002571 0.997429
12.640000 0.000000 0.002519 0.997481
12.680000 0.000000 0.002469 0.997531
12.720000 0.000000 0.002419 0.997581
12.760000 0.000000 0.002371 0.997629
12.800000 0.000000 0.002324 0.997676
12.840000 0.000000 0.002277 0.997723
12.880000 0.000000 0.002232 0.997768
12.920000 0.000000 0.002187 0.997813
12.960000 0.000000 0.002143 0.997857
13.000000 0.000000 0.002100 0.997900
13.040000 0.000000 0.002058 0.997942
13.080000 0.000000 0.002017 0.997983
13.120000 0.000000 0.001977 0.998023
13.160000 0.000000 0.001937 0.998063
13.200000 0.000000 0.001899 0.998101
13.240000 0.000000 0.001861 0.998139
13.280000 0.000000 0.001823 0.998177
13.320000 0.000000 0.001787 0.998213
13.360000 0.000000 0.001751 0.998249
13.400000 0.000000 0.001716 0.998284
13.440000 0.000000 0.001682 0.998318
13.480000 0.000000 0.001648 0.998352
13.520000 0.000000 0.001615 0.998385
13.560000 0.000000 0.001583 0.998417
13.600000 0.000000 0.001551 0.998449
13.640000 0.000000 0.001520 0.998480
13.680000 0.000000 0.001490 0.998510
13.720000 0.000000 0.001460 0.998540
13.760000 0.000000 0.001431 0.998569
13.800000 0.000000 0.001402 0.998598
13.840000 0.000000 0.001374 0.998626
13.880000 0.000000 0.001347 0.998653
13.920000 0.000000 0.001320 0.998680
13.960000 0.000000 0.001293 0.998707
14.000000 0.000000 0.001268 0.998732
14.040000 0.000000 0.001242 0.998758
14.080000 0.000000 0.001217 0.998783
14.120000 0.000000 0.001193 0.998807
14.160000 0.000000 0.001169 0.998831
14.200000 0.000000 0.001146 0.998854
14.240000 0.000000 0.001123 0.998877
14.280000 0.000000 0.001100 0.998900
14.320000 0.000000 0.001078 0.998922
14.360000 0.000000 0.001057 0.998943
14.400000 0.000000 0.001036 0.998964
14.440000 0.000000 0.001015 0.998985
14.480000 0.000000 0.000995 0.999005
14.520000 0.000000 0.000975 0.999025
14.560000 0.000000 0.000955 0.999045
14.600000 0.000000 0.000936 0.999064
14.640000 0.000000 0.000917 0.999083
14.680000 0.000000 0.000899 0.999101
14.720000 0.000000 0.000881 0.999119
14.760000 0.000000 0.000863 0.999137
14.800000 0.000000 0.000846 0.999154
14.840000 0.000000 0.000829 0.999171
14.880000 0.000000 0.000813 0.999187
14.920000 0.000000 0.000796 0.999204
14.960000 0.000000 0.000781 0.999219
15.000000 0.000000 0.000765 0.999235
15.040000 0.000000 0.000750 0.999250
15.080000 0.000000 0.000735 0.999265
15.120000 0.000000 0.000720 0.999280
15.160000 0.000000 0.000706 0.999294
15.200000 0.000000 0.000691 0.999309
15.240000 0.000000 0.000678 0.999322
15.280000 0.000000 0.000664 0.999336
15.320000 0.000000 0.000651 0.999349
15.360000 0.000000 0.000638 0.999362
15.400000 0.000000 0.000625 0.999375
15.440000 0.000000 0.000612 0.999388
15.480000 0.000000 0.000600 0.999400
15.520000 0.000000 0.000588 0.999412
15.560000 0.000000 0.000576 0.999424
15.600000 0.000000 0.000565 0.999435
15.640000 0.000000 0.000554 0.999446
15.680000 0.000000 0.000543 0.999457
15.720000 0.000000 0.000532 0.999468
15.760000 0.000000 0.000521 0.999479
15.800000 0.000000 0.000511 0.999489
15.840000 0.000000 0.000500 0.999500
15.880000 0.000000 0.000490 0.999510
15.920000 0.000000 0.000481 0.999519
15.960000 0.000000 0.000471 0.999529
16.000000 0.000000 0.000462 0.999538
16.040000 0.000000 0.000452 0.999548
16.080000 0.000000 0.000443 0.999557
16.120000 0.000000 0.000434 0.999566
16.160000 0.000000 0.000426 0.999574
16.200000 0.000000 0.000417 0.999583
16.240000 0.000000 0.000409 0.999591
16.280000 0.000000 0.000401 0.999599
16.320000 0.000000 0.000393 0.999607
16.360000 0.000000 0.000385 0.999615
16.400000 0.000000 0.000377 0.999623
16.440000 0.000000 0.000370 0.999630
16.480000 0.000000 0.000362 0.999638
16.520000 0.000000 0.000355 0.999645
16.560000 0.000000 0.000348 0.999652
16.600000 0.000000 0.000341 0.999659
16.640000 0.000000 0.000334 0.999666
16.680000 0.000000 0.000327 0.999673
16.720000 0.000000 0.000321 0.999679
16.760000 0.000000 0.000314 0.999686
16.800000 0.000000 0.000308 0.999692
16.840000 0.000000 0.000302 0.999698
16.880000 0.000000 0.000296 0.999704
16.920000 0.000000 0.000290 0.999710
16.960000 0.000000 0.000284 0.999716
17.000000 0.000000 0.000279 0.999721
17.040000 0.000000 0.000273 0.999727
17.080000 0.000000 0.000268 0.999732
17.120000 0.000000 0.000262 0.999738
17.160000 0.000000 0.000257 0.999743
17.200000 0.000000 0.000252 0.999748
17.240000 0.000000 0.000247 0.999753
17.280000 0.000000 0.000242 0.999758
17.320000 0.000000 0.000237 0.999763
17.360000 0.000000 0.000232 0.999768
17.400000 0.000000 0.000228 0.999772
17.440000 0.000000 0.000223 0.999777
17.480000 0.000000 0.000219 0.999781
17.520000 0.000000 0.000214 0.999786
17.560000 0.000000 0.000210 0.999790
17.600000 0.000000 0.000206 0.999794
17.640000 0.000000 0.000202 0.999798
17.680000 0.000000 0.000198 0.999802
17.720000 0.000000 0.000194 0.999806
17.760000 0.000000 0.000190 0.999810
17.800000 0.000000 0.000186 0.999814
17.840000 0.000000 0.000182 0.999818
17.880000 0.000000 0.000179 0.999821
17.920000 0.000000 0.000175 0.999825
17.960000 0.000000 0.000172 0.999828
18.000000 0.000000 0.000168 0.999832
18.040000 0.000000 0.000165 0.999835
18.080000 0.000000 0.000161 0.999839
18.120000 0.000000 0.000158 0.999842
18.160000 0.000000 0.000155 0.999845
18.200000 0.000000 0.000152 0.999848
18.240000 0.000000 0.000149 0.999851
18.280000 0.000000 0.000146 0.999854
18.320000 0.000000 0.000143 0.999857
18.360000 0.000000 0.000140 0.999860
18.400000 0.000000 0.000137 0.999863
18.440000 0.000000 0.000135 0.999865
18.480000 0.000000 0.000132 0.999868
18.520000 0.000000 0.000129 0.999871
18.560000 0.000000 0.000127 0.999873
18.600000 0.000000 0.000124 0.999876
18.640000 0.000000 0.000122 0.999878
18.680000 0.000000 0.000119 0.999881
18.720000 0.000000 0.000117 0.999883
18.760000 0.000000 0.000115 0.999885
18.800000 0.000000 0.000112 0.999888
18.840000 0.000000 0.000110 0.999890
18.880000 0.000000 0.000108 0.999892
18.920000 0.000000 0.000106 0.999894
18.960000 0.000000 0.000104 0.999896
19.000000 0.000000 0.000101 0.999899
19.040000 0.000000 0.000099 0.999901
19.080000 0.000000 0.000097 0.999903
19.120000 0.000000 0.000095 0.999905
19.160000 0.000000 0.000094 0.999906
19.200000 0.000000 0.000092 0.999908
19.240000 0.000000 0.000090 0.999910
19.280000 0.000000 0.000088 0.999912
19.320000 0.000000 0.000086 0.999914
19.360000 0.000000 0.000085 0.999915
19.400000 0.000000 0.000083 0.999917
19.440000 0.000000 0.000081 0.999919
19.480000 0.000000 0.000080 0.999920
19.520000 0.000000 0.000078 0.999922
19.560000 0.000000 0.000076 0.999924
19.600000 0.000000 0.000075 0.999925
19.640000 0.000000 0.000073 0.999927
19.680000 0.000000 0.000072 0.999928
19.720000 0.000000 0.000071 0.999929
19.760000 0.000000 0.000069 0.999931
19.800000 0.000000 0.000068 0.999932
19.840000 0.000000 0.000066 0.999934
19.880000 0.000000 0.000065 0.999935
19.920000 0.000000 0.000064 0.999936
19.960000 0.000000 0.000062 0.999938
20.000000 0.000000 0.000061 0.999939
